Matrix A:
83 77 93 86 49 62 90 63 40 72 
87 90 70 65 69 61 51 0 38 64 
51 60 99 29 28 99 89 76 66 84 
61 46 17 83 28 95 50 66 56 29 
24 5 84 31 59 89 65 51 8 78 
21 0 9 98 14 88 16 38 36 75 
8 45 42 29 58 77 65 7 13 13 
86 50 61 3 90 1 8 54 94 7 
65 18 85 56 86 14 37 56 12 21 
56 27 75 55 2 22 16 40 11 91 
Matrix B:
86 15 35 92 21 27 59 26 26 36 
56 41 52 11 17 83 12 6 67 89 
35 46 47 2 49 28 13 63 90 94 
12 54 69 62 87 96 54 29 38 96 
25 7 69 69 4 90 51 7 62 6 
55 68 84 98 45 81 27 6 88 3 
69 52 81 3 67 36 95 54 46 89 
70 4 36 99 86 56 86 9 97 79 
4 43 85 11 7 86 22 79 30 74 
15 90 80 24 11 51 76 45 58 6 
Stenciled matrix A:
83 77 93 86 49 62 90 63 40 72 
87 90 70 65 69 61 51 0 38 64 
51 60 99 29 28 99 89 76 66 84 
61 46 17 718 662 871 783 577 544 721 
24 5 84 664 671 808 660 619 707 641 
21 0 9 477 612 674 679 601 572 495 
8 45 42 650 602 600 454 620 540 598 
86 50 61 580 551 633 463 595 497 717 
65 18 85 567 665 650 477 534 529 653 
56 27 75 401 676 520 524 463 492 431 
Stenciled matrix B:
86 15 35 92 21 27 59 26 26 36 
56 41 52 11 17 83 12 6 67 89 
35 46 47 2 49 28 13 63 90 94 
12 54 69 709 654 780 719 617 755 597 
25 7 69 590 648 732 576 447 770 755 
55 68 84 704 709 821 669 578 712 775 
69 52 81 766 628 842 706 601 750 690 
70 4 36 686 568 894 855 721 863 693 
4 43 85 550 636 715 675 534 821 582 
15 90 80 561 707 705 607 611 645 646 
Dot product matrix C:
1368616 1355806 1373551 17114242 17179458 17606852 16671052 16832046 17077534 16763561 
1302837 1266064 1336247 16524251 16400016 16873599 16041509 16163205 16375662 16167053 
1384379 1366855 1408076 17274178 17308079 17679691 16753280 16857776 17096154 16755605 
17363630 17052178 17723884 220865181 220267124 225275229 213640355 215758288 217790862 214773277 
17669922 17415762 18033958 225153823 224534569 229681372 218294749 220234096 222025560 219743612 
17606719 17193146 17852149 222677928 222329679 227680961 216077506 218178873 220360276 217241051 
17458732 17109321 17709084 221186786 220258467 225173183 214453114 216658039 218307088 215731756 
17492583 17139577 17653250 221188607 221395486 226070389 215037245 216910685 219462173 216014449 
17272145 16949173 17686594 218725409 218447816 223875632 212840727 214942994 216574256 213537267 
16963472 16499884 17202846 213601404 213186883 218018608 207660357 209406332 211436472 208985740 
Finished!
Elapsed Time: 0.290s
    CPU Time: 0.280s
        Effective Time: 0.280s
        Spin Time: 0s
        Overhead Time: 0s
    Total Thread Count: 1
    Paused Time: 0s

Top Hotspots
Function     Module       CPU Time  % of CPU Time(%)
-----------  -----------  --------  ----------------
dot_product  project_cpu    0.270s             96.4%
stencil_2d   project_cpu    0.010s              3.6%
Collection and Platform Info
    Application Command Line: ./project_cpu 
    Operating System: 5.14.0-427.40.1.el9_4.x86_64 Red Hat Enterprise Linux release 9.5 (Plow)
    Computer Name: lxplus960.cern.ch
    Result Size: 3.6 MB 
    Collection start time: 20:28:48 02/12/2024 UTC
    Collection stop time: 20:28:48 02/12/2024 UTC
    Collector Type: User-mode sampling and tracing
    CPU
        Name: Unknown
        Frequency: 2.750 GHz
        Logical CPU Count: 16
        Cache Allocation Technology
            Level 2 capability: not detected
            Level 3 capability: not detected

If you want to skip descriptions of detected performance issues in the report,
enter: vtune -report summary -report-knob show-issues=false -r <my_result_dir>.
Alternatively, you may view the report in the csv format: vtune -report
<report_name> -format=csv.
